3.5403033343019366
2.1290223701084607
1.7789338576537645
1.6495778044168978
1.638448559180089
1.636015270955657
1.6340277599916502
1.6322714162784693
1.6306843576274006
1.6292217588499684
1.6278460295486403
1.6265242141403196
1.6252259867840007
1.6239231937925196
1.6225898666684644
1.6212023951754733
1.6197387064617481
1.6181767091148394
1.616490561836495
1.6146458906232541
1.6125973636386928
1.6103123240944033
1.6078085855210458
1.6052137682950085
1.6028071739821659
1.6008997934317695
1.5995654075743184
1.5985912657914956
1.5977469236672135
1.5969198914962537
1.596065009888502
1.5951541072092303
1.5941572241344075
1.593034092521829
1.591734602290207
1.5901958688060922
1.5883407947361523
1.586065051837194
1.5832576093593071
1.579470922532399
1.572157058698434
1.556309221045959
1.508833282010867
1.3926613575119986
1.1927287068928207
0.9917594932595558
0.7994267959345831
0.660274078558357
0.5442050832831593
0.44264680994481764
0.3721661392308601
0.32313733199005706
0.29132078133070427
0.2727362221567372
0.2624825687762875
0.25625737299558726
0.2515419745661815
0.24744617553885448
0.2436324781309025
0.2399914654413308
0.23645019612545204
0.23301690754655774
0.22954405070945033
0.22590389983017312
0.22198581680802604
0.21771432589083994
0.21297739965266865
0.20771718763053387
0.20201085661973128
0.1960974360120211
0.19020854989734368
0.1848362467662063
0.17962594088434897
0.17475190834049
0.16997251621701948
0.16513030297228587
0.1604940398529467
0.15574170179063107
0.15039002851447916
0.1446285840479717
0.1379736807460101
0.13003404457972825
0.12016034685237989
0.10823909180215477
0.09404521927635173
0.07846856251777762
0.06280670354461775
0.048446136439273146
0.03669941050622286
0.028150903986840847
0.02204127856645246
0.017959895511411587
0.015055708238059339
0.013089805102057227
0.011622201546906656
0.010468315400743482
0.009587622341402398
0.008930627398667791
0.008311933009953363
0.007788999187431169
0.007387689986429405
0.007023748614108363
0.006699464807450593
0.006399084273121179
0.006133785320473364
0.005891048974616105
0.005665705650676509
0.005453884887367121
0.005258874243344358
0.005084379866880775
0.00492381741982059
0.004770907083035184
0.004616084373973416
0.004483839234528119
0.004355127407756323
0.004234176893061214
0.004134646342099918
0.004020677700883212
0.003922378836544228
0.0038334714301943877
0.003741473660462116
0.003656821272290698
0.0035779503292956787
0.0035003706149314695
0.0034358104749984135
0.0033603998327572764
0.0033018886280934807
0.003235460758700875
0.0031733608219379184
0.0031135353329870994
0.00305891705277134
0.003004501965890376
0.0029589507677503274
0.002904847459702153
0.0028610670149050257
0.0028123277654733846
0.002788939594490165
0.002729779443415917
0.002698156612104575
0.0026569862509234388
0.0026452484315650543
0.002593265764797512
0.0025565484309645814
0.0025257364664095093
0.002495653168359978
0.002465831325516481
0.002451580493025188
0.0024096981111704583
0.002382857176566827
0.002357898559927702
0.0023323068945171476
0.0023102594941638906
0.0022878722384215983
0.0022720103623716523
0.0022442840992872542
0.002221746907095418
0.0022072357061303266
0.0021866899543301795
0.00216240699704118
0.002145314206161013
0.002125771206258499
0.002108694272911027
0.0020907611210212356
0.0020745105497634786
0.002057772171771441
0.0020418682509425155
0.002025756906664871
0.0020101523730356253
0.0020952587213914136
0.0019791934868868956
0.0019713131879656393
0.0019493999321444123
0.0019375778838097936
0.0019213246980124266
0.0019080378859603969
0.001894576614733903
0.001919626945095515
0.0018691466202298609
0.0018570149149557027
0.0018502912387091744
0.0018322343815748271
0.001819273844202193
0.0018075372528755377
0.0018125251693304738
0.0017840140044306234
0.0017762017522905806
0.001760572391939236
0.0017485243766856954
0.0017910691489875122
0.001724961409689329
0.0017159537055855096
0.001703602033669994
0.001692564703543139
0.0016876531727543147
0.0016708433883698196
0.001660354949461276
0.001651377752761184
0.0016389981265888577
0.0016325522677127402
0.0016947969806769079
