2.836078712235885
0.9428683143299106
0.7009144141087552
0.6006786195097393
0.5843685071390047
0.5800606990716672
0.5774324725290785
0.5755500617336236
0.5740180484883295
0.572608760241178
0.5712078842040234
0.5697707041724316
0.5682812263664048
0.5667182409302844
0.5650262853013591
0.5630847344108939
0.5606480684871585
0.5571791598058999
0.5513388828033171
0.5391500157257508
0.5093742294674121
0.44536662725088816
0.3544677346686185
0.27753095668390837
0.22917790250040948
0.2053591257076201
0.18789009398122952
0.1715300147532502
0.15376631450629252
0.13353228655581653
0.11205578860779845
0.09147586562780818
0.07244707956428958
0.0555053614661008
0.04099476138343342
0.029737558405065898
0.022015270252934156
0.017044523904203843
0.013839759363862936
0.011645361575523821
0.010008840355001696
0.008742266296342014
0.007724940630813745
0.006898840965589547
0.006224237083138689
0.005669266610777697
0.0052064409800026135
0.00481564956678849
0.004479554977395444
0.004204310066651194
0.0039338364222402476
0.003709434353143917
0.003509015785411076
0.0033247426565816128
0.003156284878499986
0.0029996288099820795
0.00285442412685643
0.002717431801025981
0.002588300832216373
0.0024705841428235183
0.0023567328000006554
0.0022476249349812735
0.002143147581659381
0.0020438766510674495
0.0019477227136680372
0.0018563480676819719
0.0017679610821462054
0.0016852601965487888
0.001604873287207233
0.0015461083725811307
0.0014603777036464231
0.0013802701356157494
0.0013105467753474539
0.0012442988360425494
0.0011808482471894425
0.0011164829556002415
0.0010588610078480563
0.0010012434626927803
0.0009467014642119124
0.0008947741227984794
0.0008465268889180123
0.0008023078373812208
0.0007517250015306896
0.0007078511393133076
0.0006667177042653629
0.0006268373963703969
0.000591320815884577
0.000559561401619993
0.0005340431197237208
0.0005033403392240529
0.00046935352234329757
0.0004520298035709446
0.0004197640038545717
0.0003986356588733652
0.00038446751192502016
0.00036068251390853717
0.00034278462201665287
0.00032750571751142534
0.00031489184343546874
0.0003005464560791357
